facilities = 25 objectives = 2 max_distances = 959 max flows = 87941 overlap =  1.00 seed = 16462348 correlation1 = -0.750 A = -10 B = 5 M = 1000 K = 20 m = 10 fd1 = 366.5093 fd2 = 512.7510 dd = 72.8011 sp1 = 0.6352 sp2 = 0.7216
 0  5  4  8  1  1  8  5  7 492 484 491 493 491 497 498 495 834 829 832 860 861 860 866 97 
 5  0  5 12  4  4  7  2 11 496 488 495 497 494 501 501 499 839 834 837 864 865 864 869 101 
 4  5  0  6  3  3  5  7  6 495 487 494 497 494 500 501 498 836 831 834 858 859 858 864 95 
 8 12  6  0  8  8  9 13  1 493 485 492 495 492 498 499 496 832 826 829 852 853 852 857 89 
 1  4  3  8  0  0  7  4  8 493 485 492 495 492 498 499 496 836 830 833 860 862 860 866 97 
 1  4  3  8  0  0  7  4  8 493 485 492 495 492 498 499 496 836 830 833 860 862 860 866 97 
 8  7  5  9  7  7  0  9  9 500 492 499 502 499 505 506 503 841 835 838 858 860 858 864 96 
 5  2  7 13  4  4  9  0 12 494 486 493 496 493 499 500 497 838 833 836 865 866 865 870 102 
 7 11  6  1  8  8  9 12  0 492 484 491 494 491 497 498 495 831 826 829 852 854 852 858 89 
492 496 495 493 493 493 500 494 492  0  7  1  2  6  7  5  6 434 432 437 953 950 949 953 493 
484 488 487 485 485 485 492 486 484  7  0  7  9  9 13 13 12 439 437 442 949 947 946 949 485 
491 495 494 492 492 492 499 493 491  1  7  0  3  7  8  6  7 434 432 437 952 949 948 952 492 
493 497 497 495 495 495 502 496 494  2  9  3  0  6  5  4  5 434 432 437 954 952 951 954 495 
491 494 494 492 492 492 499 493 491  6  9  7  6  0  6  9  4 440 438 443 958 956 954 958 493 
497 501 500 498 498 498 505 499 497  7 13  8  5  6  0  4  2 435 433 438 959 957 956 959 499 
498 501 501 499 499 499 506 500 498  5 13  6  4  9  4  0  6 431 429 434 956 953 952 956 499 
495 499 498 496 496 496 503 497 495  6 12  7  5  4  2  6  0 437 435 440 959 957 956 959 497 
834 839 836 832 836 836 841 838 831 434 439 434 434 440 435 431 437  0  8 11 860 855 854 855 791 
829 834 831 826 830 830 835 833 826 432 437 432 432 438 433 429 435  8  0  5 852 847 846 847 785 
832 837 834 829 833 833 838 836 829 437 442 437 437 443 438 434 440 11  5  0 849 844 843 844 788 
860 864 858 852 860 860 858 865 852 953 949 952 954 958 959 956 959 860 852 849  0  7  7 11 762 
861 865 859 853 862 862 860 866 854 950 947 949 952 956 957 953 957 855 847 844  7  0  1  5 764 
860 864 858 852 860 860 858 865 852 949 946 948 951 954 956 952 956 854 846 843  7  1  0  6 762 
866 869 864 857 866 866 864 870 858 953 949 952 954 958 959 956 959 855 847 844 11  5  6  0 768 
97 101 95 89 97 97 96 102 89 493 485 492 495 493 499 499 497 791 785 788 762 764 762 768  0 

 0  0 21443  1 16  0 3480  0  0 37291  0  0  0  0  0  2  0  0  0  0  0  0 63515 260  0 
 0  0  0 15  1  0 11109  0  0  0 6570  0  0  0  0  0  0  0  0 6111 7655  0 1296 11  0 
21443  0  0  0  0  0  0  0  0  0  0  0  0  0  0  0  0 13857  0  1 77712  0  0  0 32385 
 1 15  0  0  0  0 38 969  0  0  0  0 677  2  6  1 63  0  0 214  0  0 95  0  1 
16  1  0  0  0 328  6  0  0  0 2402  0 1774  0 5527  0  0  0  0  0  5  1  0 137 3070 
 0  0  0  0 328  0  0  0 5731 1047 582  0 188 147  0  0  0  0 31810  0 243  0 647 2970 1202 
3480 11109  0 38  6  0  0  0  0 16 159 2476 52 13  0 19  0  0  0  0  0  0 40112 1369  0 
 0  0  0 969  0  0  0  0  0  0 2834  0 2238 23195 380  0 137  0  0  0  0  0 67762 607  0 
 0  0  0  0  0 5731  0  0  0  0  0  0  0  0  0  0  0  0 27301  0 232  0  0  0 78 
37291  0  0  0  0 1047 16  0  0  0  0 192  0  0  0  0 8659 1143  0  0  0 3333  0  0  0 
 0 6570  0  0 2402 582 159 2834  0  0  0  0 2652  0  0  0 153  0  0  0 19  8  0  0  0 
 0  0  0  0  0  0 2476  0  0 192  0  0 8754 18877 20 843  3  0  0 12 17124  0 949  0 39496 
 0  0  0 677 1774 188 52 2238  0  0 2652 8754  0  0  0  0  4 151  0  0 1278  0  0 21150  0 
 0  0  0  2  0 147 13 23195  0  0  0 18877  0  0  0  0  0  0  0 2078  0 1024  0  0  0 
 0  0  0  6 5527  0  0 380  0  0  0 20  0  0  0  2  1  0 68  0  0  0 13  0  0 
 2  0  0  1  0  0 19  0  0  0  0 843  0  0  2  0  0 315  0 8173  0  0  0  0 5168 
 0  0  0 63  0  0  0 137  0 8659 153  3  4  0  1  0  0  0  0 135 717 23036 31838 172 343 
 0  0 13857  0  0  0  0  0  0 1143  0  0 151  0  0 315  0  0  0  0  0 17  0  0  2 
 0  0  0  0  0 31810  0  0 27301  0  0  0  0  0 68  0  0  0  0 62671 232  0  0  0  0 
 0 6111  1 214  0  0  0  0  0  0  0 12  0 2078  0 8173 135  0 62671  0 27 17770 17189  0 407 
 0 7655 77712  0  5 243  0  0 232  0 19 17124 1278  0  0  0 717  0 232 27  0  0  0  0  0 
 0  0  0  0  1  0  0  0  0 3333  8  0  0 1024  0  0 23036 17  0 17770  0  0  0 15257  0 
63515 1296  0 95  0 647 40112 67762  0  0  0 949  0  0 13  0 31838  0  0 17189  0  0  0 173  0 
260 11  0  0 137 2970 1369 607  0  0  0  0 21150  0  0  0 172  0  0  0  0 15257 173  0  1 
 0  0 32385  1 3070 1202  0  0 78  0  0 39496  0  0  0 5168 343  2  0 407  0  0  0  1  0 

 0 406  0  0  0 5024  0  0  0  0  6 14960  0  0  0  0  0 4426  0  0  0 262  0  0  0 
406  0 35788  0  0 1744  0 123 41  0  0 838  2  6 18442  0  0 60008  0  0  0  0  0  0  0 
 0 35788  0  0  0  0 314  0  0  0  0  0 181  0  0  0  0  0 16  0  0 16339  0  0  0 
 0  0  0  0  0 17924  0  0 2369  0 79053 37  0  0  0  0  0 1514  0  0  0 41  0  0  0 
 0  0  0  0  0  0  0  0  0  0  0  0  0 20  0  0  0  0  0  0  0  0 78  0  0 
5024 1744  0 17924  0  0 3582 1343  0  0  0  0  0  0 256 37727  0  0  0  0  0 22  0  0  0 
 0  0 314  0  0 3582  0  0 15  0  0  0  0  0 66  0  0 66  0  0  0 11  0  0 44 
 0 123  0  0  0 1343  0  0 3247 13  0  2  0  0  0  0  0  0  0 21  0  3  0  0 4841 
 0 41  0 2369  0  0 15 3247  0  0 17 602  0  0 5767 69394  0  0  0  6  0 62 229  0  0 
 0  0  0  0  0  0  0 13  0  0 451  0 208  1 76975  0  0  0  0  0  0  0  0  0  0 
 6  0  0 79053  0  0  0  0 17 451  0 1423  0 4067  0  0  0  0 24 2381  0  0  0  3  0 
14960 838  0 37  0  0  0  2 602  0 1423  0  0  0  0  0  0  0 51  0  0  0  0  0  0 
 0  2 181  0  0  0  0  0  0 208  0  0  0  0  0 131  0  0 122  0  0 86  0  0  0 
 0  6  0  0 20  0  0  0  0  1 4067  0  0  0  6  2  0  0  0  0 2697  0 920 1765  0 
 0 18442  0  0  0 256 66  0 5767 76975  0  0  0  6  0  0  0 318  0 2595  3 1989  0  0  0 
 0  0  0  0  0 37727  0  0 69394  0  0  0 131  2  0  0  1  0 67  0  0  0 13727 638  0 
 0  0  0  0  0  0  0  0  0  0  0  0  0  0  0  1  0 8645  0  0  0  0  0  0  0 
4426 60008  0 1514  0  0 66  0  0  0  0  0  0  0 318  0 8645  0  0 23  0  0 76  0  0 
 0  0 16  0  0  0  0  0  0  0 24 51 122  0  0 67  0  0  0  0  0  6  7  0  0 
 0  0  0  0  0  0  0 21  6  0 2381  0  0  0 2595  0  0 23  0  0  0  0  0 45467  0 
 0  0  0  0  0  0  0  0  0  0  0  0  0 2697  3  0  0  0  0  0  0 686  0 812 1720 
262  0 16339 41  0 22 11  3 62  0  0  0 86  0 1989  0  0  0  6  0 686  0  0  0 22 
 0  0  0  0 78  0  0  0 229  0  0  0  0 920  0 13727  0 76  7  0  0  0  0  0 283 
 0  0  0  0  0  0  0  0  0  0  3  0  0 1765  0 638  0  0  0 45467 812  0  0  0  0 
 0  0  0  0  0  0 44 4841  0  0  0  0  0  0  0  0  0  0  0  0 1720 22 283  0  0 
