facilities = 25 objectives = 2 max_distances = 131 max flows = 98749 overlap =  1.00 seed = 6827693 correlation1 = 0.750 A = -10 B = 5 M = 1000 K = 20 m = 10 fd1 = 474.0380 fd2 = 433.4223 dd = 94.7392 sp1 = 0.6736 sp2 = 0.7056
 0  6  9  1  5  4  1  9  5  1  5  1  6  7  5 113 119 117 112 126 120 119 118 119 116 
 6  0 15  7 10 10  7 15  9  7  9  7 13 13 11 116 122 120 115 128 122 122 120 122 119 
 9 15  0  9 10  6  8 10 12  8 12  8  4  7  7 106 113 111 106 120 114 113 112 113 110 
 1  7  9  0  3  3  1  8  4  2  4  1  6  6  4 114 120 118 113 127 121 120 119 120 117 
 5 10 10  3  0  4  4  5  2  5  2  4  6  4  3 116 123 121 115 129 124 122 122 122 120 
 4 10  6  3  4  0  3  6  6  4  6  3  2  3  1 112 119 117 111 125 120 118 118 118 116 
 1  7  8  1  4  3  0  8  5  1  5  0  5  6  4 113 119 117 112 126 120 119 118 119 116 
 9 15 10  8  5  6  8  0  6  9  6  8  6  3  5 117 123 122 116 130 125 123 123 123 121 
 5  9 12  4  2  6  5  6  0  6  0  5  8  6  5 118 125 123 117 131 126 124 123 124 122 
 1  7  8  2  5  4  1  9  6  0  6  1  6  7  5 112 118 116 111 125 119 118 117 118 115 
 5  9 12  4  2  6  5  6  0  6  0  5  8  6  5 118 125 123 117 131 126 124 123 124 122 
 1  7  8  1  4  3  0  8  5  1  5  0  5  6  4 113 119 117 112 126 120 119 118 119 116 
 6 13  4  6  6  2  5  6  8  6  8  5  0  3  3 110 117 115 110 124 118 117 116 116 114 
 7 13  7  6  4  3  6  3  6  7  6  6  3  0  2 113 120 118 113 127 122 120 119 120 117 
 5 11  7  4  3  1  4  5  5  5  5  4  3  2  0 113 120 118 113 127 121 120 119 119 117 
113 116 106 114 116 112 113 117 118 112 118 113 110 113 113  0  7  6  2 15 13  6 11  6  5 
119 122 113 120 123 119 119 123 125 118 125 119 117 120 120  7  0  2  7  7  7  2  6  4  3 
117 120 111 118 121 117 117 122 123 116 123 117 115 118 118  6  2  0  5  9  7  2  6  4  1 
112 115 106 113 115 111 112 116 117 111 117 112 110 113 113  2  7  5  0 15 12  7 10  7  5 
126 128 120 127 129 125 126 130 131 125 131 126 124 127 127 15  7  9 15  0  6  9  8 10 10 
120 122 114 121 124 120 120 125 126 119 126 120 118 122 121 13  7  7 12  6  0  9  2 11  7 
119 122 113 120 122 118 119 123 124 118 124 119 117 120 120  6  2  2  7  9  9  0  8  2  3 
118 120 112 119 122 118 118 123 123 117 123 118 116 119 119 11  6  6 10  8  2  8  0 10  6 
119 122 113 120 122 118 119 123 124 118 124 119 116 120 119  6  4  4  7 10 11  2 10  0  5 
116 119 110 117 120 116 116 121 122 115 122 116 114 117 117  5  3  1  5 10  7  3  6  5  0 

 0  0  0 2507 81696  0  0  0  0  0  0  0  0  0  0 801  0  0 96820  0  0  0  0  0  0 
 0  0  0 13 4690  0  0  0  0  0  0 33185 15 51074  0 64  0  0  0  1 930 470  0  0 245 
 0  0  0 29  0 43324 1147  0  0 26686  0  0  0  0 261  0 75  0  0  0  0 1742  0  0  0 
2507 13 29  0 76 39649  0  0  0  0  0 68483  0  0  1  0  0  0  0  0  0  0 1694  0  0 
81696 4690  0 76  0 941  0 24  0  0  0  0  0  0  0  0  0  1  3  0  0  1  0 75  0 
 0  0 43324 39649 941  0  0  0 29  0  0  1  0  0  0  0  0  0  0 1695  0  0  0  0  0 
 0  0 1147  0  0  0  0 1330  0 44  0 21067  0  3  0  0  0  0  0  3  0  0 12290  0  0 
 0  0  0  0 24  0 1330  0 28  0 578  0  0  0 1239  0  2  0  0  6  0  1 6958  0  0 
 0  0  0  0  0 29  0 28  0  0  0  3  0  0 5913  0 94  0  0  6  0  0 99  0  0 
 0  0 26686  0  0  0 44  0  0  0 168 25 10  0  0  0  0  0  0  0  0  7 867  0 1295 
 0  0  0  0  0  0  0 578  0 168  0  0 2575 232  0  0  0 58832  0  1 504 40  1  0  5 
 0 33185  0 68483  0  1 21067  0  3 25  0  0 5060  0 1899 1238  0  0  1  0  0  0  0  4  0 
 0 15  0  0  0  0  0  0  0 10 2575 5060  0  0 72482  0  0  0 1843  0  0  0 604  0  0 
 0 51074  0  0  0  0  3  0  0  0 232  0  0  0  0  1  0  0  1 691 35  0  0  0  0 
 0  0 261  1  0  0  0 1239 5913  0  0 1899 72482  0  0  0 837 27  0  0  0 330  1  0  0 
801 64  0  0  0  0  0  0  0  0  0 1238  0  1  0  0  0  0  5  7  0 11  0  0  0 
 0  0 75  0  0  0  0  2 94  0  0  0  0  0 837  0  0 4168 89395  0 13  0  0  0  0 
 0  0  0  0  1  0  0  0  0  0 58832  0  0  0 27  0 4168  0  0  0  0 300 152 1761  0 
96820  0  0  0  3  0  0  0  0  0  0  1 1843  1  0  5 89395  0  0 22334 335 3783  8 1765  0 
 0  1  0  0  0 1695  3  6  6  0  1  0  0 691  0  7  0  0 22334  0  0  0  0 6337  0 
 0 930  0  0  0  0  0  0  0  0 504  0  0 35  0  0 13  0 335  0  0  0  0 60 25 
 0 470 1742  0  1  0  0  1  0  7 40  0  0  0 330 11  0 300 3783  0  0  0  0  2  0 
 0  0  0 1694  0  0 12290 6958 99 867  1  0 604  0  1  0  0 152  8  0  0  0  0  0  0 
 0  0  0  0 75  0  0  0  0  0  0  4  0  0  0  0  0 1761 1765 6337 60  2  0  0  6 
 0 245  0  0  0  0  0  0  0 1295  5  0  0  0  0  0  0  0  0  0 25  0  0  6  0 

 0  0  0  1 49774  0  0  0  0  0  3  0  0  0  0 1260  0  0 1291  0  0  0  0  0  0 
 0  0  0 3097 3865  0  0  0  0  0  0 5616 73 80  0 314  0  0  0  1 58040 288  0  0 166 
 0  0  0 590  0 58 39641  0  0 6777  0  0  0  0 80642  0 21644  0  0  0  0 410  0  0  0 
 1 3097 590  0 20 26188  0  0  0  0  0 1044  0  0 65  0  0  0  0  0  0  0 21  0  0 
49774 3865  0 20  0 5229  0 716  0  0  0  0  0  0  0  0  0  0 2091  0  0  2  0 3843  0 
 0  0 58 26188 5229  0  0  0 1249  0  8 191  0  0  0  0  0  0  0 355  0  0  0 130  0 
 0  0 39641  0  0  0  0 91  0 11  0 4793  0  0  0  0  0  0  0 14  0  0 1325  0  0 
 0  0  0  0 716  0 91  0 75  0 45  0  0  0 5018  0  0  0  0  6  0  0 6885  0  0 
 0  0  0  0  0 1249  0 75  0  0  0 365  0  0 62  0 514  0  0  0  0  0 27969  2  0 
 0  0 6777  0  0  0 11  0  0  0  5  0 201  0  0  0  0  0  0  0  0  0  6  0 14409 
 3  0  0  0  0  8  0 45  0  5  0  0 1383 68843  0 20  0  1  0 28 53 33 124  0  0 
 0 5616  0 1044  0 191 4793  0 365  0  0  0 9267  0 17 6135  0  0  2  0  0  0  0  0  0 
 0 73  0  0  0  0  0  0  0 201 1383 9267  0  0 75621  0  0  0 4175  0  0  0 35790  0  0 
 0 80  0  0  0  0  0  0  0  0 68843  0  0  0  0  0  0  0  0  0  1  0  0  0  0 
 0  0 80642 65  0  0  0 5018 62  0  0 17 75621  0  0  0 75 13540  0  0  0 2949  0  0  0 
1260 314  0  0  0  0  0  0  0  0 20 6135  0  0  0  0 515  0 10095 19  0 22  0  0  0 
 0  0 21644  0  0  0  0  0 514  0  0  0  0  0 75 515  0 1708 547  2  0  0  0  0  0 
 0  0  0  0  0  0  0  0  0  0  1  0  0  0 13540  0 1708  0  0  0  0 525 14 20  0 
1291  0  0  0 2091  0  0  0  0  0  0  2 4175  0  0 10095 547  0  0 29968  2 50  0  1  0 
 0  1  0  0  0 355 14  6  0  0 28  0  0  0  0 19  2  0 29968  0  0  0  0 59147  0 
 0 58040  0  0  0  0  0  0  0  0 53  0  0  1  0  0  0  0  2  0  0  0  0 46781 335 
 0 288 410  0  2  0  0  0  0  0 33  0  0  0 2949 22  0 525 50  0  0  0  0  0  0 
 0  0  0 21  0  0 1325 6885 27969  6 124  0 35790  0  0  0  0 14  0  0  0  0  0  0  0 
 0  0  0  0 3843 130  0  0  2  0  0  0  0  0  0  0  0 20  1 59147 46781  0  0  0  0 
 0 166  0  0  0  0  0  0  0 14409  0  0  0  0  0  0  0  0  0  0 335  0  0  0  0 
