facilities = 25 objectives = 2 max_distances = 422 max flows = 93589 overlap =  1.00 seed = 1525346 correlation1 = -0.750 A = -10 B = 5 M = 1000 K = 20 m = 10 fd1 = 442.2923 fd2 = 419.2205 dd = 93.3525 sp1 = 0.7312 sp2 = 0.6704
 0  8  3  9  4  8  6  7  4  6  2  3 262 409 406 406 406 407 412 410 410 414 400 404 411 
 8  0  7 13 12  7  2 11  6 11  8  7 267 413 410 410 410 411 416 414 414 418 404 409 415 
 3  7  0  6  6 11  5 10  7  3  5  6 260 406 403 404 403 404 409 407 407 411 397 402 409 
 9 13  6  0  8 17 10 16 13  3 11 12 254 400 397 398 397 398 403 401 401 405 391 396 403 
 4 12  6  8  0 12 10  9  8  5  5  7 258 406 403 403 403 404 409 407 407 411 397 401 408 
 8  7 11 17 12  0  8  5  4 14  6  5 270 417 414 414 414 415 420 418 418 422 408 413 420 
 6  2  5 10 10  8  0 10  5  8  6  5 264 410 407 408 407 408 413 411 411 415 401 406 413 
 7 11 10 16  9  5 10  0  5 13  5  5 267 415 412 412 412 413 418 416 416 420 406 411 417 
 4  6  7 13  8  4  5  5  0 10  2  1 266 413 410 410 410 411 416 414 414 418 404 409 415 
 6 11  3  3  5 14  8 13 10  0  8  9 256 403 400 400 400 401 406 404 404 408 394 399 405 
 2  8  5 11  5  6  6  5  2  8  0  1 263 411 408 408 408 409 414 412 411 415 402 406 413 
 3  7  6 12  7  5  5  5  1  9  1  0 265 412 409 409 409 410 415 413 413 417 403 408 414 
262 267 260 254 258 270 264 267 266 256 263 265  0 158 155 154 157 156 159 161 158 164 149 153 161 
409 413 406 400 406 417 410 415 413 403 411 412 158  0  3  5  8  2  7  7  3  7  9  5  3 
406 410 403 397 403 414 407 412 410 400 408 409 155  3  0  4  8  1  8  9  4  9  6  2  6 
406 410 404 398 403 414 408 412 410 400 408 409 154  5  4  0 12  4  5 13  4 12  7  2  9 
406 410 403 397 403 414 407 412 410 400 408 409 157  8  8 12  0  8 15  4 11  8 10 10  7 
407 411 404 398 404 415 408 413 411 401 409 410 156  2  1  4  8  0  7  8  3  8  7  3  5 
412 416 409 403 409 420 413 418 416 406 414 415 159  7  8  5 15  7  0 14  4 12 12  7  9 
410 414 407 401 407 418 411 416 414 404 412 413 161  7  9 13  4  8 14  0 10  4 13 12  5 
410 414 407 401 407 418 411 416 414 404 411 413 158  3  4  4 11  3  4 10  0  9  9  5  5 
414 418 411 405 411 422 415 420 418 408 415 417 164  7  9 12  8  8 12  4  9  0 15 12  3 
400 404 397 391 397 408 401 406 404 394 402 403 149  9  6  7 10  7 12 13  9 15  0  5 12 
404 409 402 396 401 413 406 411 409 399 406 408 153  5  2  2 10  3  7 12  5 12  5  0  8 
411 415 409 403 408 420 413 417 415 405 413 414 161  3  6  9  7  5  9  5  5  3 12  8  0 

 0  0  0 27 8755  0  0  0 26445  0  4  7  0  0 15  0  0  0  0  0  0  2  0  0  0 
 0  0 2546  0  0  0  0  0 16733 29660  0  0  0 1966 7006  0 291  0  0 23  0  0  0  0  0 
 0 2546  0 46 135  0  0 54  0  0  0  0  0  0  1  0 69  0  0  0  0  0 89455 7471  0 
27  0 46  0  0  0 64801  0 6408  0  0  0  0  1  0  0  0  0  0  0  0  0 4119 22821  0 
8755  0 135  0  0  0  0  0  0 25790 512  0  0 215  0  0  0 5264  0  0  0  0 2317  0  0 
 0  0  0  0  0  0 2536 101  0  0  0  0  0  0 93589  0  0  0 9600  0  0  0  2 287  0 
 0  0  0 64801  0 2536  0  0  0  0  0  0  0  8  0  0  0  4  0  0  0 3226 8473  0  0 
 0  0 54  0  0 101  0  0  0  0  0  0  0  0  0 3587  0  0  0  4  0  8  0  0  0 
26445 16733  0 6408  0  0  0  0  0  0  0  0  0 21817  0 48195  0  0 124  1  0 94  0  0  0 
 0 29660  0  0 25790  0  0  0  0  0 11634  0  0  0  0  0  0  0  0 71416  0  0  0  0  0 
 4  0  0  0 512  0  0  0  0 11634  0  0  4  0  0  0  0  0  0  0 73570  0  0  0  0 
 7  0  0  0  0  0  0  0  0  0  0  0  0  0  0  0  0  0  0  0  0  0  0 306  0 
 0  0  0  0  0  0  0  0  0  0  4  0  0  0  0  0  2 53973 3159  1  0  0  8  0  0 
 0 1966  0  1 215  0  8  0 21817  0  0  0  0  0  0  0  4  0  0  0 10433 73107  0 6255  0 
15 7006  1  0  0 93589  0  0  0  0  0  0  0  0  0 21  0  0  0 13  4 210  0  0  0 
 0  0  0  0  0  0  0 3587 48195  0  0  0  0  0 21  0 67  0  0  0  2  0 10  0  0 
 0 291 69  0  0  0  0  0  0  0  0  0  2  4  0 67  0  0  4  0  0 18433  0 2510  0 
 0  0  0  0 5264  0  4  0  0  0  0  0 53973  0  0  0  0  0 157 234  1  9  0  0 855 
 0  0  0  0  0 9600  0  0 124  0  0  0 3159  0  0  0  4 157  0  0 114  0  0  0 114 
 0 23  0  0  0  0  0  4  1 71416  0  0  1  0 13  0  0 234  0  0  0  0  0  0 38 
 0  0  0  0  0  0  0  0  0  0 73570  0  0 10433  4  2  0  1 114  0  0  0 54  0  0 
 2  0  0  0  0  0 3226  8 94  0  0  0  0 73107 210  0 18433  9  0  0  0  0  0 309  0 
 0  0 89455 4119 2317  2 8473  0  0  0  0  0  8  0  0 10  0  0  0  0 54  0  0 746  0 
 0  0 7471 22821  0 287  0  0  0  0  0 306  0 6255  0  0 2510  0  0  0  0 309 746  0  0 
 0  0  0  0  0  0  0  0  0  0  0  0  0  0  0  0  0 855 114 38  0  0  0  0  0 

 0 4233 173  0  0  0  0  0  0 7516  0  0 996  0  0  0 4636  0  5 3278  0  0  0 8063 207 
4233  0  0 16711 64  1  0  0  0  0  0  0 789  0  0  2  0  0  0  0  0  0 11449  0  0 
173  0  0  0  0 285 25  0  0  0 168 23 186  6  0  0  0  0 148  0  2 77975  0  0 1479 
 0 16711  0  0  1  0  0 6602  0  0  1 2731 786  0  0  0  0  5 46  0 286  0  0  0  0 
 0 64  0  1  0 13  0  0  0  0  0  0 24119  0  0 59 87  0  0 415 34  9  0  0 62 
 0  1 285  0 13  0  0  0 13 9218  0  0  0 55897  0 1557  0 60  0  0  0  0  0  0  0 
 0  0 25  0  0  0  0 134  0 3747  0  0 4157  0  0  0  0  0  0 132 1646  0  0  0  7 
 0  0  0 6602  0  0 134  0 218  0  0  4 21467  0  0  0  0  0  2  0  0  0 2331  0  0 
 0  0  0  0  0 13  0 218  0  0  0  0 67  0  6  0  0  0  0  0  0  0  0  0  0 
7516  0  0  0  0 9218 3747  0  0  0  0 1702 4118  0  0 1422  0  0  0  0  0 204 231  0  0 
 0  0 168  1  0  0  0  0  0  0  0 19760  0 1319  0  0 77  0  0  0  0 86911 7332  0 408 
 0  0 23 2731  0  0  0  4  0 1702 19760  0 54749 12959 75522 11  2  0 7284  2 3888  0 83236  0  0 
996 789 186 786 24119  0 4157 21467 67 4118  0 54749  0  0 5135 25  0  0  0  0 85 16  0  0  0 
 0  0  6  0  0 55897  0  0  0  0 1319 12959  0  0 9030 36  0  0  0 99  0  0 23628  0  0 
 0  0  0  0  0  0  0  0  6  0  0 75522 5135 9030  0  0  0  0 13132  0  0  0 7169  0  0 
 0  2  0  0 59 1557  0  0  0 1422  0 11 25 36  0  0  0  0  0  0  0 137  0 1612  0 
4636  0  0  0 87  0  0  0  0  0 77  2  0  0  0  0  0  0  0 104  0  0  5  0 220 
 0  0  0  5  0 60  0  0  0  0  0  0  0  0  0  0  0  0  0  0  0  0 324 15023  0 
 5  0 148 46  0  0  0  2  0  0  0 7284  0  0 13132  0  0  0  0  0  0 1066  0  3  0 
3278  0  0  0 415  0 132  0  0  0  0  2  0 99  0  0 104  0  0  0  0  0 107  0  0 
 0  0  2 286 34  0 1646  0  0  0  0 3888 85  0  0  0  0  0  0  0  0  0  0 44546 1111 
 0  0 77975  0  9  0  0  0  0 204 86911  0 16  0  0 137  0  0 1066  0  0  0  0  0  0 
 0 11449  0  0  0  0  0 2331  0 231 7332 83236  0 23628 7169  0  5 324  0 107  0  0  0  0 43129 
8063  0  0  0  0  0  0  0  0  0  0  0  0  0  0 1612  0 15023  3  0 44546  0  0  0 23283 
207  0 1479  0 62  0  7  0  0  0 408  0  0  0  0  0 220  0  0  0 1111  0 43129 23283  0 
