facilities = 25 objectives = 2 max_distances = 1331 max flows = 98619 overlap =  1.00 seed = 75634646 correlation1 = 0.000 A = -10 B = 5 M = 1000 K = 20 m = 10 fd1 = 416.5365 fd2 = 354.7069 dd = 119.9090 sp1 = 0.7120 sp2 = 0.6832
 0  6  4  4  5  1  4  8 10  4  7  1 738 740 126 118 181 182 188 193 186 192 188 187 679 
 6  0  5  8  9  5  6  3  7  8  4  5 742 744 133 124 187 188 194 200 193 199 194 193 672 
 4  5  0  8  4  4  1  8 11  8  8  4 737 739 129 121 183 184 190 196 189 195 190 189 677 
 4  8  8  0  9  4  8  8  8  0  6  4 740 742 125 116 181 181 188 193 186 192 187 186 679 
 5  9  4  9  0  5  3 12 14  9 11  5 733 735 126 118 179 181 186 192 185 191 186 185 681 
 1  5  4  4  5  0  4  7  9  4  6  0 739 741 127 118 182 183 189 194 187 193 189 188 678 
 4  6  1  8  3  4  0  9 12  8  8  4 736 738 129 120 182 184 189 195 188 194 189 188 678 
 8  3  8  8 12  7  9  0  4  8  2  7 745 747 133 124 189 190 196 201 194 200 196 195 671 
10  7 11  8 14  9 12  4  0  8  3  9 748 750 132 122 189 189 196 201 194 200 195 194 671 
 4  8  8  0  9  4  8  8  8  0  6  4 740 742 125 116 181 181 188 193 186 192 187 186 679 
 7  4  8  6 11  6  8  2  3  6  0  6 745 747 131 122 187 188 194 199 192 198 194 193 673 
 1  5  4  4  5  0  4  7  9  4  6  0 739 741 127 118 182 183 189 194 187 193 189 188 678 
738 742 737 740 733 739 736 745 748 740 745 739  0  5 681 697 614 620 613 609 615 605 609 613 1330 
740 744 739 742 735 741 738 747 750 742 747 741  5  0 683 700 617 623 615 612 617 608 612 616 1331 
126 133 129 125 126 127 129 133 132 125 131 127 681 683  0 17 71 67 75 80 73 82 77 74 800 
118 124 121 116 118 118 120 124 122 116 122 118 697 700 17  0 88 84 92 97 90 99 94 91 787 
181 187 183 181 179 182 182 189 189 181 187 182 614 617 71 88  0  8  8 12  7 11  6  6 860 
182 188 184 181 181 183 184 190 189 181 188 183 620 623 67 84  8  0  8 13  6 15 11  7 861 
188 194 190 188 186 189 189 196 196 188 194 189 613 615 75 92  8  8  0  5  2  7  4  1 867 
193 200 196 193 192 194 195 201 201 193 199 194 609 612 80 97 12 13  5  0  7  5  6  6 873 
186 193 189 186 185 187 188 194 194 186 192 187 615 617 73 90  7  6  2  7  0  9  5  1 866 
192 199 195 192 191 193 194 200 200 192 198 193 605 608 82 99 11 15  7  5  9  0  5  8 872 
188 194 190 187 186 189 189 196 195 187 194 189 609 612 77 94  6 11  4  6  5  5  0  4 867 
187 193 189 186 185 188 188 195 194 186 193 188 613 616 74 91  6  7  1  6  1  8  4  0 866 
679 672 677 679 681 678 678 671 671 679 673 678 1330 1331 800 787 860 861 867 873 866 872 867 866  0 

 0  0  0  0  0  0  0  0  0  0  0  0  0  0 173  0  0 34  0  0  0 95222  0  0  0 
 0  0  0 1877 332 50627  0  0  0  0 9428  0  0  0 74  9  0  0 464 1038 547 256  0 19303  0 
 0  0  0  0 393 15032  0  0 79 2612  0 26  9 221  0  0  0  0 251  0  0  0 39  0 793 
 0 1877  0  0  0 13  0 20  0  0  0 55643  0 267  0  0  0 1324  0  0  3  0  0  2  0 
 0 332 393  0  0  0  0  0  0  3  0  0  0 10  0  2  0 41887 65  0  0 186  0  0  1 
 0 50627 15032 13  0  0  0  0  0  0  0  0 32  0  0  0  0  0  0  0 21186  0  0 19  0 
 0  0  0  0  0  0  0 803  0  0  0  0  1  0  0  0  0  4  0  0  0  2  0  0  0 
 0  0  0 20  0  0 803  0  0  0 48177  0  0  0  0  0  0 1440 14924  0 3226  0  0  0  0 
 0  0 79  0  0  0  0  0  0  0  0  0 8369  0 1560  0  0  0  0 94702  1  0  0  0  0 
 0  0 2612  0  3  0  0  0  0  0 8301  0  0  0 64341  0  0  0  0  0  2  0  0  2  0 
 0 9428  0  0  0  0  0 48177  0 8301  0  5  0  0 18  0  0  0  0  0 59628  0  0 270  0 
 0  0 26 55643  0  0  0  0  0  0  5  0 9378  0 260  0  0  0  0 56  0  0  0  0 38 
 0  0  9  0  0 32  1  0 8369  0  0 9378  0 38  0  0  0 14668  0  0  0  0  0  0  0 
 0  0 221 267 10  0  0  0  0  0  0  0 38  0  0  8  0  0  0  0  0  0  0  0  0 
173 74  0  0  0  0  0  0 1560 64341 18 260  0  0  0 58  0 10081  0  0  0  0  0  0  0 
 0  9  0  0  2  0  0  0  0  0  0  0  0  8 58  0  0  0  0 45992  0  0 1271 41 244 
 0  0  0  0  0  0  0  0  0  0  0  0  0  0  0  0  0  0  0 9015  0  0 40618 1766  0 
34  0  0 1324 41887  0  4 1440  0  0  0  0 14668  0 10081  0  0  0  0  0 16  0  0  0  0 
 0 464 251  0 65  0  0 14924  0  0  0  0  0  0  0  0  0  0  0  0  0 54078  2  0 93432 
 0 1038  0  0  0  0  0  0 94702  0  0 56  0  0  0 45992 9015  0  0  0  0  3 142 1478  0 
 0 547  0  3  0 21186  0 3226  1  2 59628  0  0  0  0  0  0 16  0  0  0  3  0 42123 527 
95222 256  0  0 186  0  2  0  0  0  0  0  0  0  0  0  0  0 54078  3  3  0 14 40  0 
 0  0 39  0  0  0  0  0  0  0  0  0  0  0  0 1271 40618  0  2 142  0 14  0 16811  0 
 0 19303  0  2  0 19  0  0  0  2 270  0  0  0  0 41 1766  0  0 1478 42123 40 16811  0  0 
 0  0 793  0  1  0  0  0  0  0  0 38  0  0  0 244  0  0 93432  0 527  0  0  0  0 

 0  0  0  5  0  0 76561  0 268 19302 153  0  1  0  0  0  0 291  0  0 208  0  0  0  0 
 0  0  0  0  0 8456  0  0  0  0  0  0 155  0  0  0  0  0 510  0 29810  0  0  0  0 
 0  0  0  0  0  0 1015  1  0 69955  0  0 19946  0 451  0  0  0  0  0  0  0 95  0  0 
 5  0  0  0 72  0 10061  0  0 10 21636  0  0  0  0  0  0  0 43  0  0  0 74276  0 25428 
 0  0  0 72  0 14258 95585  0  0 8551  0  0 2641  0  0  0  0 1648  0 211  0  0  1 256  7 
 0 8456  0  0 14258  0  0 14695  0 13  0 7903  2  0  0 81  0  0  0 70661  0  0 70  0  0 
76561  0 1015 10061 95585  0  0  0 6596  0  0 2709  0 48  0  0  0 35414  0  0 4318 23898 18  0  0 
 0  0  1  0  0 14695  0  0  0  8 1811 77679 1435  0  0  0  0  0  0 7324  0  0 229 188  0 
268  0  0  0  0  0 6596  0  0 169 10 16  0 1608 260  0  0 55591  0 87  0  0  0 45  2 
19302  0 69955 10 8551 13  0  8 169  0 15405  0  0  8  0  0  0  0  0 29295  0  0  0  0 72053 
153  0  0 21636  0  0  0 1811 10 15405  0  0  0 5943 1300  0  0 55  0  0  0 13  0 53113  0 
 0  0  0  0  0 7903 2709 77679 16  0  0  0  0 15215 1372  0 4512  0 589  6  0  0 3262  0  0 
 1 155 19946  0 2641  2  0 1435  0  0  0  0  0  0  0  0  0  0  0 14  0  0  0  0  0 
 0  0  0  0  0  0 48  0 1608  8 5943 15215  0  0  0  0 12  0  0  0 26  0  0  0 188 
 0  0 451  0  0  0  0  0 260  0 1300 1372  0  0  0  0  0  0  0  0  0  0  0 85149  0 
 0  0  0  0  0 81  0  0  0  0  0  0  0  0  0  0  8  0  1  0  0  0  0 407  0 
 0  0  0  0  0  0  0  0  0  0  0 4512  0 12  0  8  0  0  0  0 27  0 87864 9184 23776 
291  0  0  0 1648  0 35414  0 55591  0 55  0  0  0  0  0  0  0  0  0  0 30362  0 595  0 
 0 510  0 43  0  0  0  0  0  0  0 589  0  0  0  1  0  0  0 19351  0  0  0  0 34030 
 0  0  0  0 211 70661  0 7324 87 29295  0  6 14  0  0  0  0  0 19351  0  0  0 2424  0  0 
208 29810  0  0  0  0 4318  0  0  0  0  0  0 26  0  0 27  0  0  0  0 420  8  0  0 
 0  0  0  0  0  0 23898  0  0  0 13  0  0  0  0  0  0 30362  0  0 420  0 708  0  0 
 0  0 95 74276  1 70 18 229  0  0  0 3262  0  0  0  0 87864  0  0 2424  8 708  0  0  0 
 0  0  0  0 256  0  0 188 45  0 53113  0  0  0 85149 407 9184 595  0  0  0  0  0  0  0 
 0  0  0 25428  7  0  0  0  2 72053  0  0  0 188  0  0 23776  0 34030  0  0  0  0  0  0 
